131 48 129 130 46 47 49 
131 48 129 130 
48 46 47 
129 131 48 130 
130 131 48 129 
46 48 47 
47 48 46 
49 
total no. of edges: 15

131 48 129 130 46 47 49 
131 48 129 130 
48 46 47 
129 131 48 130 
130 131 48 129 
46 48 47 
47 48 46 
49 
total no. of edges: 15

131 48 129 130 46 47 50 
131 48 129 130 
48 46 47 
129 131 48 130 
130 131 48 129 
46 48 47 
47 48 46 
50 
total no. of edges: 15

131 48 129 130 46 47 50 
131 48 129 130 
48 46 47 
129 131 48 130 
130 131 48 129 
46 48 47 
47 48 46 
50 
total no. of edges: 15

131 48 128 130 47 46 49 
131 48 128 130 
48 47 46 
128 131 48 130 
130 131 48 128 
47 48 46 
46 48 47 
49 
total no. of edges: 15

131 48 128 130 47 46 49 
131 48 128 130 
48 47 46 
128 131 48 130 
130 131 48 128 
47 48 46 
46 48 47 
49 
total no. of edges: 15

131 48 128 130 47 46 50 
131 48 128 130 
48 47 46 
128 131 48 130 
130 131 48 128 
47 48 46 
46 48 47 
50 
total no. of edges: 15

131 48 128 130 47 46 50 
131 48 128 130 
48 47 46 
128 131 48 130 
130 131 48 128 
47 48 46 
46 48 47 
50 
total no. of edges: 15

131 48 128 129 46 49 47 
131 48 128 129 
48 46 47 
128 131 48 129 
129 131 48 128 
46 48 47 
49 
47 48 46 
total no. of edges: 15

131 48 128 129 46 49 47 
131 48 128 129 
48 46 47 
128 131 48 129 
129 131 48 128 
46 48 47 
49 
47 48 46 
total no. of edges: 15

131 48 128 129 46 49 50 
131 48 128 129 
48 46 
128 131 48 129 
129 131 48 128 
46 48 
49 50 
50 49 
total no. of edges: 13

131 48 128 129 46 49 50 
131 48 128 129 
48 46 
128 131 48 129 
129 131 48 128 
46 48 
49 50 
50 49 
total no. of edges: 13

